n = 6
  |V|   |E|   deg   Gen Set   alpha   sigma
  6     9     3     [1, 3]    3       2

n = 7
  |V|   |E|   deg   Gen Set   alpha   sigma
  7     14    4     [1, 3]    2       1

n = 8
  |V|   |E|   deg   Gen Set   alpha   sigma
  8     16    4     [1, 3]    4       3

n = 9
  |V|   |E|   deg   Gen Set   alpha   sigma
  9     18    4     [1, 3]    3       1

n = 10
  |V|   |E|   deg   Gen Set     alpha   sigma
  10    20    4     [1, 3]      5       2
  10    15    3     [1, 5]      5       2
  10    15    3     [3, 5]      5       2
  10    25    5     [1, 3, 5]   5       3

n = 11
  |V|   |E|   deg   Gen Set     alpha   sigma
  11    22    4     [1, 3]      4       1
  11    22    4     [1, 5]      3       1
  11    22    4     [3, 5]      3       1
  11    33    6     [1, 3, 5]   3       1

n = 12
  |V|   |E|   deg   Gen Set     alpha   sigma
  12    24    4     [1, 3]      6       2
  12    24    4     [1, 5]      6       2
  12    24    4     [3, 5]      6       2
  12    36    6     [1, 3, 5]   6       4

n = 13
  |V|   |E|   deg   Gen Set     alpha   sigma
  13    26    4     [1, 3]      5       1
  13    26    4     [1, 5]      4       1
  13    26    4     [3, 5]      4       1
  13    39    6     [1, 3, 5]   4       1

n = 14
  |V|   |E|   deg   Gen Set        alpha   sigma
  14    28    4     [1, 3]         7       2
  14    28    4     [1, 5]         7       2
  14    21    3     [1, 7]         7       2
  14    28    4     [3, 5]         7       2
  14    21    3     [3, 7]         7       2
  14    21    3     [5, 7]         7       2
  14    42    6     [1, 3, 5]      7       3
  14    35    5     [1, 3, 7]      7       3
  14    35    5     [1, 5, 7]      7       3
  14    35    5     [3, 5, 7]      7       3
  14    49    7     [1, 3, 5, 7]   7       4

n = 15
  |V|   |E|   deg   Gen Set        alpha   sigma
  15    30    4     [1, 3]         6       1
  15    30    4     [1, 5]         5       1
  15    30    4     [1, 7]         5       1
  15    30    4     [3, 5]         5       1
  15    30    4     [3, 7]         6       1
  15    30    4     [5, 7]         5       1
  15    45    6     [1, 3, 5]      5       1
  15    45    6     [1, 3, 7]      4       1
  15    45    6     [1, 5, 7]      5       2
  15    45    6     [3, 5, 7]      4       1
  15    60    8     [1, 3, 5, 7]   4       1

n = 16
  |V|   |E|   deg   Gen Set        alpha   sigma
  16    32    4     [1, 3]         8       2
  16    32    4     [1, 5]         8       2
  16    32    4     [1, 7]         8       2
  16    32    4     [3, 5]         8       2
  16    32    4     [3, 7]         8       2
  16    32    4     [5, 7]         8       2
  16    48    6     [1, 3, 5]      8       3
  16    48    6     [1, 3, 7]      8       3
  16    48    6     [1, 5, 7]      8       3
  16    48    6     [3, 5, 7]      8       3
  16    64    8     [1, 3, 5, 7]   8       5

n = 17
  |V|   |E|   deg   Gen Set        alpha   sigma
  17    34    4     [1, 3]         7       1
  17    34    4     [1, 5]         6       1
  17    34    4     [1, 7]         6       1
  17    34    4     [3, 5]         6       1
  17    34    4     [3, 7]         5       1
  17    34    4     [5, 7]         5       1
  17    51    6     [1, 3, 5]      6       1
  17    51    6     [1, 3, 7]      5       1
  17    51    6     [1, 5, 7]      5       1
  17    51    6     [3, 5, 7]      5       1
  17    68    8     [1, 3, 5, 7]   5       1

n = 18
  |V|   |E|   deg   Gen Set           alpha   sigma
  18    36    4     [1, 3]            9       2
  18    36    4     [1, 5]            9       2
  18    36    4     [1, 7]            9       2
  18    27    3     [1, 9]            9       2
  18    36    4     [3, 5]            9       2
  18    36    4     [3, 7]            9       2
  18    36    4     [5, 7]            9       2
  18    27    3     [5, 9]            9       2
  18    27    3     [7, 9]            9       2
  18    54    6     [1, 3, 5]         9       3
  18    54    6     [1, 3, 7]         9       3
  18    45    5     [1, 3, 9]         9       3
  18    54    6     [1, 5, 7]         9       3
  18    45    5     [1, 5, 9]         9       3
  18    45    5     [1, 7, 9]         9       3
  18    54    6     [3, 5, 7]         9       3
  18    45    5     [3, 5, 9]         9       3
  18    45    5     [3, 7, 9]         9       3
  18    45    5     [5, 7, 9]         9       3
  18    72    8     [1, 3, 5, 7]      9       4
  18    63    7     [1, 3, 5, 9]      9       4
  18    63    7     [1, 3, 7, 9]      9       4
  18    63    7     [1, 5, 7, 9]      9       4
  18    63    7     [3, 5, 7, 9]      9       4
  18    81    9     [1, 3, 5, 7, 9]   9       5

n = 19
  |V|   |E|   deg   Gen Set           alpha   sigma
  19    38    4     [1, 3]            8       1
  19    38    4     [1, 5]            7       1
  19    38    4     [1, 7]            7       1
  19    38    4     [1, 9]            6       1
  19    38    4     [3, 5]            7       1
  19    38    4     [3, 7]            7       1
  19    38    4     [3, 9]            8       1
  19    38    4     [5, 7]            6       1
  19    38    4     [5, 9]            6       1
  19    38    4     [7, 9]            7       1
  19    57    6     [1, 3, 5]         7       1
  19    57    6     [1, 3, 7]         6       1
  19    57    6     [1, 3, 9]         5       1
  19    57    6     [1, 5, 7]         6       1
  19    57    6     [1, 5, 9]         5       1
  19    57    6     [1, 7, 9]         6       1
  19    57    6     [3, 5, 7]         6       1
  19    57    6     [3, 5, 9]         5       1
  19    57    6     [3, 7, 9]         5       1
  19    57    6     [5, 7, 9]         5       1
  19    76    8     [1, 3, 5, 7]      6       1
  19    76    8     [1, 3, 5, 9]      5       1
  19    76    8     [1, 3, 7, 9]      5       1
  19    76    8     [1, 5, 7, 9]      5       1
  19    76    8     [3, 5, 7, 9]      5       1
  19    95    10    [1, 3, 5, 7, 9]   5       1

n = 20
  |V|   |E|   deg   Gen Set           alpha   sigma
  20    40    4     [1, 3]            10      2
  20    40    4     [1, 5]            10      2
  20    40    4     [1, 7]            10      2
  20    40    4     [1, 9]            10      2
  20    40    4     [3, 5]            10      2
  20    40    4     [3, 7]            10      2
  20    40    4     [3, 9]            10      2
  20    40    4     [5, 7]            10      2
  20    40    4     [5, 9]            10      2
  20    40    4     [7, 9]            10      2
  20    60    6     [1, 3, 5]         10      3
  20    60    6     [1, 3, 7]         10      3
  20    60    6     [1, 3, 9]         10      3
  20    60    6     [1, 5, 7]         10      3
  20    60    6     [1, 5, 9]         10      3
  20    60    6     [1, 7, 9]         10      3
  20    60    6     [3, 5, 7]         10      3
  20    60    6     [3, 5, 9]         10      3
  20    60    6     [3, 7, 9]         10      3
  20    60    6     [5, 7, 9]         10      3
  20    80    8     [1, 3, 5, 7]      10      4
  20    80    8     [1, 3, 5, 9]      10      4
  20    80    8     [1, 3, 7, 9]      10      4
  20    80    8     [1, 5, 7, 9]      10      4
  20    80    8     [3, 5, 7, 9]      10      4
  20    100   10    [1, 3, 5, 7, 9]   10      6

n = 21
  |V|   |E|   deg   Gen Set           alpha   sigma
  21    42    4     [1, 3]            9       1
  21    42    4     [1, 5]            8       1
  21    42    4     [1, 7]            7       1
  21    42    4     [1, 9]            8       1
  21    42    4     [3, 5]            8       1
  21    42    4     [3, 7]            7       1
  21    42    4     [5, 7]            7       1
  21    42    4     [5, 9]            9       1
  21    42    4     [7, 9]            7       1
  21    63    6     [1, 3, 5]         8       1
  21    63    6     [1, 3, 7]         7       1
  21    63    6     [1, 3, 9]         6       1
  21    63    6     [1, 5, 7]         7       1
  21    63    6     [1, 5, 9]         6       1
  21    63    6     [1, 7, 9]         7       1
  21    63    6     [3, 5, 7]         7       1
  21    63    6     [3, 5, 9]         6       1
  21    63    6     [3, 7, 9]         6       1
  21    63    6     [5, 7, 9]         6       1
  21    84    8     [1, 3, 5, 7]      7       1
  21    84    8     [1, 3, 5, 9]      6       1
  21    84    8     [1, 3, 7, 9]      6       1
  21    84    8     [1, 5, 7, 9]      6       1
  21    84    8     [3, 5, 7, 9]      6       1
  21    105   10    [1, 3, 5, 7, 9]   6       1

n = 22
  |V|   |E|   deg   Gen Set               alpha   sigma
  22    44    4     [1, 3]                11      2
  22    44    4     [1, 5]                11      2
  22    44    4     [1, 7]                11      2
  22    44    4     [1, 9]                11      2
  22    33    3     [1, 11]               11      2
  22    44    4     [3, 5]                11      2
  22    44    4     [3, 7]                11      2
  22    44    4     [3, 9]                11      2
  22    33    3     [3, 11]               11      2
  22    44    4     [5, 7]                11      2
  22    44    4     [5, 9]                11      2
  22    33    3     [5, 11]               11      2
  22    44    4     [7, 9]                11      2
  22    33    3     [7, 11]               11      2
  22    33    3     [9, 11]               11      2
  22    66    6     [1, 3, 5]             11      3
  22    66    6     [1, 3, 7]             11      3
  22    66    6     [1, 3, 9]             11      3
  22    55    5     [1, 3, 11]            11      3
  22    66    6     [1, 5, 7]             11      3
  22    66    6     [1, 5, 9]             11      3
  22    55    5     [1, 5, 11]            11      3
  22    66    6     [1, 7, 9]             11      3
  22    55    5     [1, 7, 11]            11      3
  22    55    5     [1, 9, 11]            11      3
  22    66    6     [3, 5, 7]             11      3
  22    66    6     [3, 5, 9]             11      3
  22    55    5     [3, 5, 11]            11      3
  22    66    6     [3, 7, 9]             11      3
  22    55    5     [3, 7, 11]            11      3
  22    55    5     [3, 9, 11]            11      3
  22    66    6     [5, 7, 9]             11      3
  22    55    5     [5, 7, 11]            11      3
  22    55    5     [5, 9, 11]            11      3
  22    55    5     [7, 9, 11]            11      3
  22    88    8     [1, 3, 5, 7]          11      4
  22    88    8     [1, 3, 5, 9]          11      4
  22    77    7     [1, 3, 5, 11]         11      4
  22    88    8     [1, 3, 7, 9]          11      4
  22    77    7     [1, 3, 7, 11]         11      4
  22    77    7     [1, 3, 9, 11]         11      4
  22    88    8     [1, 5, 7, 9]          11      4
  22    77    7     [1, 5, 7, 11]         11      4
  22    77    7     [1, 5, 9, 11]         11      4
  22    77    7     [1, 7, 9, 11]         11      4
  22    88    8     [3, 5, 7, 9]          11      4
  22    77    7     [3, 5, 7, 11]         11      4
  22    77    7     [3, 5, 9, 11]         11      4
  22    77    7     [3, 7, 9, 11]         11      4
  22    77    7     [5, 7, 9, 11]         11      4
  22    110   10    [1, 3, 5, 7, 9]       11      5
  22    99    9     [1, 3, 5, 7, 11]      11      5
  22    99    9     [1, 3, 5, 9, 11]      11      5
  22    99    9     [1, 3, 7, 9, 11]      11      5
  22    99    9     [1, 5, 7, 9, 11]      11      5
  22    99    9     [3, 5, 7, 9, 11]      11      5
  22    121   11    [1, 3, 5, 7, 9, 11]   11      6

n = 23
  |V|   |E|   deg   Gen Set               alpha   sigma
  23    46    4     [1, 3]                10      1
  23    46    4     [1, 5]                9       1
  23    46    4     [1, 7]                8       1
  23    46    4     [1, 9]                9       1
  23    46    4     [1, 11]               7       1
  23    46    4     [3, 5]                9       1
  23    46    4     [3, 7]                8       1
  23    46    4     [3, 9]                10      1
  23    46    4     [3, 11]               9       1
  23    46    4     [5, 7]                9       1
  23    46    4     [5, 9]                7       1
  23    46    4     [5, 11]               8       1
  23    46    4     [7, 9]                7       1
  23    46    4     [7, 11]               9       1
  23    46    4     [9, 11]               9       1
  23    69    6     [1, 3, 5]             9       1
  23    69    6     [1, 3, 7]             8       1
  23    69    6     [1, 3, 9]             7       1
  23    69    6     [1, 3, 11]            6       1
  23    69    6     [1, 5, 7]             8       1
  23    69    6     [1, 5, 9]             7       1
  23    69    6     [1, 5, 11]            7       1
  23    69    6     [1, 7, 9]             7       1
  23    69    6     [1, 7, 11]            6       1
  23    69    6     [1, 9, 11]            7       1
  23    69    6     [3, 5, 7]             8       1
  23    69    6     [3, 5, 9]             7       1
  23    69    6     [3, 5, 11]            8       1
  23    69    6     [3, 7, 9]             7       1
  23    69    6     [3, 7, 11]            8       1
  23    69    6     [3, 9, 11]            6       1
  23    69    6     [5, 7, 9]             7       1
  23    69    6     [5, 7, 11]            6       1
  23    69    6     [5, 9, 11]            6       1
  23    69    6     [7, 9, 11]            7       1
  23    92    8     [1, 3, 5, 7]          8       1
  23    92    8     [1, 3, 5, 9]          7       1
  23    92    8     [1, 3, 5, 11]         6       1
  23    92    8     [1, 3, 7, 9]          7       1
  23    92    8     [1, 3, 7, 11]         6       1
  23    92    8     [1, 3, 9, 11]         6       1
  23    92    8     [1, 5, 7, 9]          7       1
  23    92    8     [1, 5, 7, 11]         6       1
  23    92    8     [1, 5, 9, 11]         6       1
  23    92    8     [1, 7, 9, 11]         6       1
  23    92    8     [3, 5, 7, 9]          7       1
  23    92    8     [3, 5, 7, 11]         6       1
  23    92    8     [3, 5, 9, 11]         6       1
  23    92    8     [3, 7, 9, 11]         6       1
  23    92    8     [5, 7, 9, 11]         6       1
  23    115   10    [1, 3, 5, 7, 9]       7       1
  23    115   10    [1, 3, 5, 7, 11]      6       1
  23    115   10    [1, 3, 5, 9, 11]      6       1
  23    115   10    [1, 3, 7, 9, 11]      6       1
  23    115   10    [1, 5, 7, 9, 11]      6       1
  23    115   10    [3, 5, 7, 9, 11]      6       1
  23    138   12    [1, 3, 5, 7, 9, 11]   6       1

n = 24
  |V|   |E|   deg   Gen Set               alpha   sigma
  24    48    4     [1, 3]                12      2
  24    48    4     [1, 5]                12      2
  24    48    4     [1, 7]                12      2
  24    48    4     [1, 9]                12      2
  24    48    4     [1, 11]               12      2
  24    48    4     [3, 5]                12      2
  24    48    4     [3, 7]                12      2
  24    48    4     [3, 11]               12      2
  24    48    4     [5, 7]                12      2
  24    48    4     [5, 9]                12      2
  24    48    4     [5, 11]               12      2
  24    48    4     [7, 9]                12      2
  24    48    4     [7, 11]               12      2
  24    48    4     [9, 11]               12      2
  24    72    6     [1, 3, 5]             12      3
  24    72    6     [1, 3, 7]             12      3
  24    72    6     [1, 3, 9]             12      3
  24    72    6     [1, 3, 11]            12      3
  24    72    6     [1, 5, 7]             12      3
  24    72    6     [1, 5, 9]             12      3
  24    72    6     [1, 5, 11]            12      3
  24    72    6     [1, 7, 9]             12      3
  24    72    6     [1, 7, 11]            12      3
  24    72    6     [1, 9, 11]            12      3
  24    72    6     [3, 5, 7]             12      3
  24    72    6     [3, 5, 9]             12      3
  24    72    6     [3, 5, 11]            12      3
  24    72    6     [3, 7, 9]             12      3
  24    72    6     [3, 7, 11]            12      3
  24    72    6     [3, 9, 11]            12      3
  24    72    6     [5, 7, 9]             12      3
  24    72    6     [5, 7, 11]            12      3
  24    72    6     [5, 9, 11]            12      3
  24    72    6     [7, 9, 11]            12      3
  24    96    8     [1, 3, 5, 7]          12      4
  24    96    8     [1, 3, 5, 9]          12      4
  24    96    8     [1, 3, 5, 11]         12      4
  24    96    8     [1, 3, 7, 9]          12      4
  24    96    8     [1, 3, 7, 11]         12      4
  24    96    8     [1, 3, 9, 11]         12      4
  24    96    8     [1, 5, 7, 9]          12      4
  24    96    8     [1, 5, 7, 11]         12      4
  24    96    8     [1, 5, 9, 11]         12      4
  24    96    8     [1, 7, 9, 11]         12      4
  24    96    8     [3, 5, 7, 9]          12      4
  24    96    8     [3, 5, 7, 11]         12      4
  24    96    8     [3, 5, 9, 11]         12      4
  24    96    8     [3, 7, 9, 11]         12      4
  24    96    8     [5, 7, 9, 11]         12      4
  24    120   10    [1, 3, 5, 7, 9]       12      5
  24    120   10    [1, 3, 5, 7, 11]      12      5
  24    120   10    [1, 3, 5, 9, 11]      12      5
  24    120   10    [1, 3, 7, 9, 11]      12      5
  24    120   10    [1, 5, 7, 9, 11]      12      5
  24    120   10    [3, 5, 7, 9, 11]      12      5
  24    144   12    [1, 3, 5, 7, 9, 11]   12      7

n = 25
  |V|   |E|   deg   Gen Set               alpha   sigma
  25    50    4     [1, 3]                11      1
  25    50    4     [1, 5]                10      1
  25    50    4     [1, 7]                9       1
  25    50    4     [1, 9]                10      1
  25    50    4     [1, 11]               10      1
  25    50    4     [3, 5]                10      1
  25    50    4     [3, 7]                10      1
  25    50    4     [3, 9]                11      1
  25    50    4     [3, 11]               8       1
  25    50    4     [5, 7]                10      1
  25    50    4     [5, 9]                10      1
  25    50    4     [5, 11]               10      1
  25    50    4     [7, 9]                8       1
  25    50    4     [7, 11]               8       1
  25    50    4     [9, 11]               10      1
  25    75    6     [1, 3, 5]             10      1
  25    75    6     [1, 3, 7]             9       1
  25    75    6     [1, 3, 9]             8       1
  25    75    6     [1, 3, 11]            7       1
  25    75    6     [1, 5, 7]             9       1
  25    75    6     [1, 5, 9]             8       1
  25    75    6     [1, 5, 11]            8       1
  25    75    6     [1, 7, 9]             8       1
  25    75    6     [1, 7, 11]            7       1
  25    75    6     [1, 9, 11]            10      2
  25    75    6     [3, 5, 7]             9       1
  25    75    6     [3, 5, 9]             8       1
  25    75    6     [3, 5, 11]            8       1
  25    75    6     [3, 7, 9]             8       1
  25    75    6     [3, 7, 11]            7       1
  25    75    6     [3, 9, 11]            7       1
  25    75    6     [5, 7, 9]             8       1
  25    75    6     [5, 7, 11]            7       1
  25    75    6     [5, 9, 11]            7       1
  25    75    6     [7, 9, 11]            7       1
  25    100   8     [1, 3, 5, 7]          9       1
  25    100   8     [1, 3, 5, 9]          8       1
  25    100   8     [1, 3, 5, 11]         7       1
  25    100   8     [1, 3, 7, 9]          8       1
  25    100   8     [1, 3, 7, 11]         7       1
  25    100   8     [1, 3, 9, 11]         7       1
  25    100   8     [1, 5, 7, 9]          8       1
  25    100   8     [1, 5, 7, 11]         7       1
  25    100   8     [1, 5, 9, 11]         7       1
  25    100   8     [1, 7, 9, 11]         7       1
  25    100   8     [3, 5, 7, 9]          8       1
  25    100   8     [3, 5, 7, 11]         7       1
  25    100   8     [3, 5, 9, 11]         7       1
  25    100   8     [3, 7, 9, 11]         7       1
  25    100   8     [5, 7, 9, 11]         7       1
  25    125   10    [1, 3, 5, 7, 9]       8       1
  25    125   10    [1, 3, 5, 7, 11]      7       1
  25    125   10    [1, 3, 5, 9, 11]      7       1
  25    125   10    [1, 3, 7, 9, 11]      7       1
  25    125   10    [1, 5, 7, 9, 11]      7       1
  25    125   10    [3, 5, 7, 9, 11]      7       1
  25    150   12    [1, 3, 5, 7, 9, 11]   7       1

