n = 4
  |V|   |E|   deg   Gen Set                 alpha   sigma
  8     16    4     [1, 4, 5]               2       1
  8     16    4     [1, 4, 6]               4       3
  8     16    4     [1, 4, 7]               2       1
  8     16    4     [1, 5, 6]               2       1
  8     16    4     [1, 5, 7]               4       3
  8     16    4     [1, 6, 7]               2       1
  8     12    3     [2, 4, 5]               3       1
  8     12    3     [2, 4, 7]               3       1
  8     12    3     [2, 5, 6]               3       1
  8     12    3     [2, 6, 7]               3       1
  8     16    4     [3, 4, 5]               2       1
  8     16    4     [3, 4, 6]               4       3
  8     16    4     [3, 4, 7]               2       1
  8     16    4     [3, 5, 6]               2       1
  8     16    4     [3, 5, 7]               4       3
  8     16    4     [3, 6, 7]               2       1
  8     20    5     [1, 2, 4, 5]            2       1
  8     20    5     [1, 2, 4, 6]            2       1
  8     20    5     [1, 2, 4, 7]            2       1
  8     20    5     [1, 2, 5, 6]            2       1
  8     20    5     [1, 2, 5, 7]            2       1
  8     20    5     [1, 2, 6, 7]            2       1
  8     16    4     [1, 3, 4, 5]            2       1
  8     16    4     [1, 3, 4, 6]            4       3
  8     16    4     [1, 3, 4, 7]            2       1
  8     16    4     [1, 3, 5, 6]            2       1
  8     16    4     [1, 3, 5, 7]            4       3
  8     16    4     [1, 3, 6, 7]            2       1
  8     20    5     [1, 4, 5, 6]            2       1
  8     20    5     [1, 4, 5, 7]            2       1
  8     20    5     [1, 4, 6, 7]            2       1
  8     20    5     [1, 5, 6, 7]            2       1
  8     20    5     [2, 3, 4, 5]            2       1
  8     20    5     [2, 3, 4, 6]            2       1
  8     20    5     [2, 3, 4, 7]            2       1
  8     20    5     [2, 3, 5, 6]            2       1
  8     20    5     [2, 3, 5, 7]            2       1
  8     20    5     [2, 3, 6, 7]            2       1
  8     16    4     [2, 4, 5, 6]            2       1
  8     16    4     [2, 4, 5, 7]            2       1
  8     16    4     [2, 4, 6, 7]            2       1
  8     16    4     [2, 5, 6, 7]            2       1
  8     20    5     [3, 4, 5, 6]            2       1
  8     20    5     [3, 4, 5, 7]            2       1
  8     20    5     [3, 4, 6, 7]            2       1
  8     20    5     [3, 5, 6, 7]            2       1
  8     20    5     [1, 2, 3, 4, 5]         2       1
  8     20    5     [1, 2, 3, 4, 6]         2       1
  8     20    5     [1, 2, 3, 4, 7]         2       1
  8     20    5     [1, 2, 3, 5, 6]         2       1
  8     20    5     [1, 2, 3, 5, 7]         2       1
  8     20    5     [1, 2, 3, 6, 7]         2       1
  8     24    6     [1, 2, 4, 5, 6]         2       2
  8     24    6     [1, 2, 4, 5, 7]         2       2
  8     24    6     [1, 2, 4, 6, 7]         2       2
  8     24    6     [1, 2, 5, 6, 7]         2       2
  8     20    5     [1, 3, 4, 5, 6]         2       1
  8     20    5     [1, 3, 4, 5, 7]         2       1
  8     20    5     [1, 3, 4, 6, 7]         2       1
  8     20    5     [1, 3, 5, 6, 7]         2       1
  8     24    6     [1, 4, 5, 6, 7]         2       2
  8     24    6     [2, 3, 4, 5, 6]         2       2
  8     24    6     [2, 3, 4, 5, 7]         2       2
  8     24    6     [2, 3, 4, 6, 7]         2       2
  8     24    6     [2, 3, 5, 6, 7]         2       2
  8     20    5     [2, 4, 5, 6, 7]         2       1
  8     24    6     [3, 4, 5, 6, 7]         2       2
  8     24    6     [1, 2, 3, 4, 5, 6]      2       2
  8     24    6     [1, 2, 3, 4, 5, 7]      2       2
  8     24    6     [1, 2, 3, 4, 6, 7]      2       2
  8     24    6     [1, 2, 3, 5, 6, 7]      2       2
  8     28    7     [1, 2, 4, 5, 6, 7]      1       1
  8     24    6     [1, 3, 4, 5, 6, 7]      2       2
  8     28    7     [2, 3, 4, 5, 6, 7]      1       1
  8     28    7     [1, 2, 3, 4, 5, 6, 7]   1       1

n = 5
  |V|   |E|   deg   Gen Set                       alpha   sigma
  10    20    4     [1, 5, 6]                     3       1
  10    20    4     [1, 5, 7]                     4       2
  10    20    4     [1, 5, 8]                     4       2
  10    20    4     [1, 5, 9]                     3       1
  10    20    4     [1, 6, 7]                     3       1
  10    20    4     [1, 6, 8]                     4       2
  10    20    4     [1, 6, 9]                     4       2
  10    20    4     [1, 7, 8]                     3       1
  10    20    4     [1, 7, 9]                     4       2
  10    20    4     [1, 8, 9]                     3       1
  10    20    4     [2, 5, 6]                     4       2
  10    20    4     [2, 5, 7]                     3       1
  10    20    4     [2, 5, 8]                     3       1
  10    20    4     [2, 5, 9]                     4       2
  10    20    4     [2, 6, 7]                     4       2
  10    20    4     [2, 6, 8]                     3       1
  10    20    4     [2, 6, 9]                     3       1
  10    20    4     [2, 7, 8]                     4       2
  10    20    4     [2, 7, 9]                     3       1
  10    20    4     [2, 8, 9]                     4       2
  10    20    4     [3, 5, 6]                     4       2
  10    20    4     [3, 5, 7]                     3       1
  10    20    4     [3, 5, 8]                     3       1
  10    20    4     [3, 5, 9]                     4       2
  10    20    4     [3, 6, 7]                     4       2
  10    20    4     [3, 6, 8]                     3       1
  10    20    4     [3, 6, 9]                     3       1
  10    20    4     [3, 7, 8]                     4       2
  10    20    4     [3, 7, 9]                     3       1
  10    20    4     [3, 8, 9]                     4       2
  10    20    4     [4, 5, 6]                     3       1
  10    20    4     [4, 5, 7]                     4       2
  10    20    4     [4, 5, 8]                     4       2
  10    20    4     [4, 5, 9]                     3       1
  10    20    4     [4, 6, 7]                     3       1
  10    20    4     [4, 6, 8]                     4       2
  10    20    4     [4, 6, 9]                     4       2
  10    20    4     [4, 7, 8]                     3       1
  10    20    4     [4, 7, 9]                     4       2
  10    20    4     [4, 8, 9]                     3       1
  10    30    6     [1, 2, 5, 6]                  2       1
  10    30    6     [1, 2, 5, 7]                  2       1
  10    30    6     [1, 2, 5, 8]                  2       1
  10    30    6     [1, 2, 5, 9]                  2       1
  10    30    6     [1, 2, 6, 7]                  2       1
  10    30    6     [1, 2, 6, 8]                  2       1
  10    30    6     [1, 2, 6, 9]                  2       1
  10    30    6     [1, 2, 7, 8]                  2       1
  10    30    6     [1, 2, 7, 9]                  2       1
  10    30    6     [1, 2, 8, 9]                  2       1
  10    30    6     [1, 3, 5, 6]                  2       1
  10    30    6     [1, 3, 5, 7]                  2       1
  10    30    6     [1, 3, 5, 8]                  2       1
  10    30    6     [1, 3, 5, 9]                  2       1
  10    30    6     [1, 3, 6, 7]                  2       1
  10    30    6     [1, 3, 6, 8]                  2       1
  10    30    6     [1, 3, 6, 9]                  2       1
  10    30    6     [1, 3, 7, 8]                  2       1
  10    30    6     [1, 3, 7, 9]                  2       1
  10    30    6     [1, 3, 8, 9]                  2       1
  10    20    4     [1, 4, 5, 6]                  3       1
  10    20    4     [1, 4, 5, 7]                  4       2
  10    20    4     [1, 4, 5, 8]                  4       2
  10    20    4     [1, 4, 5, 9]                  3       1
  10    20    4     [1, 4, 6, 7]                  3       1
  10    20    4     [1, 4, 6, 8]                  4       2
  10    20    4     [1, 4, 6, 9]                  4       2
  10    20    4     [1, 4, 7, 8]                  3       1
  10    20    4     [1, 4, 7, 9]                  4       2
  10    20    4     [1, 4, 8, 9]                  3       1
  10    25    5     [1, 5, 6, 7]                  2       1
  10    25    5     [1, 5, 6, 8]                  3       1
  10    25    5     [1, 5, 6, 9]                  2       1
  10    25    5     [1, 5, 7, 8]                  3       1
  10    25    5     [1, 5, 7, 9]                  3       1
  10    25    5     [1, 5, 8, 9]                  2       1
  10    25    5     [1, 6, 7, 8]                  2       1
  10    25    5     [1, 6, 7, 9]                  3       1
  10    25    5     [1, 6, 8, 9]                  3       1
  10    25    5     [1, 7, 8, 9]                  2       1
  10    20    4     [2, 3, 5, 6]                  4       2
  10    20    4     [2, 3, 5, 7]                  3       1
  10    20    4     [2, 3, 5, 8]                  3       1
  10    20    4     [2, 3, 5, 9]                  4       2
  10    20    4     [2, 3, 6, 7]                  4       2
  10    20    4     [2, 3, 6, 8]                  3       1
  10    20    4     [2, 3, 6, 9]                  3       1
  10    20    4     [2, 3, 7, 8]                  4       2
  10    20    4     [2, 3, 7, 9]                  3       1
  10    20    4     [2, 3, 8, 9]                  4       2
  10    30    6     [2, 4, 5, 6]                  2       1
  10    30    6     [2, 4, 5, 7]                  2       1
  10    30    6     [2, 4, 5, 8]                  2       1
  10    30    6     [2, 4, 5, 9]                  2       1
  10    30    6     [2, 4, 6, 7]                  2       1
  10    30    6     [2, 4, 6, 8]                  2       1
  10    30    6     [2, 4, 6, 9]                  2       1
  10    30    6     [2, 4, 7, 8]                  2       1
  10    30    6     [2, 4, 7, 9]                  2       1
  10    30    6     [2, 4, 8, 9]                  2       1
  10    25    5     [2, 5, 6, 7]                  3       1
  10    25    5     [2, 5, 6, 8]                  2       1
  10    25    5     [2, 5, 6, 9]                  3       1
  10    25    5     [2, 5, 7, 8]                  2       1
  10    25    5     [2, 5, 7, 9]                  2       1
  10    25    5     [2, 5, 8, 9]                  3       1
  10    25    5     [2, 6, 7, 8]                  3       1
  10    25    5     [2, 6, 7, 9]                  2       1
  10    25    5     [2, 6, 8, 9]                  2       1
  10    25    5     [2, 7, 8, 9]                  3       1
  10    30    6     [3, 4, 5, 6]                  2       1
  10    30    6     [3, 4, 5, 7]                  2       1
  10    30    6     [3, 4, 5, 8]                  2       1
  10    30    6     [3, 4, 5, 9]                  2       1
  10    30    6     [3, 4, 6, 7]                  2       1
  10    30    6     [3, 4, 6, 8]                  2       1
  10    30    6     [3, 4, 6, 9]                  2       1
  10    30    6     [3, 4, 7, 8]                  2       1
  10    30    6     [3, 4, 7, 9]                  2       1
  10    30    6     [3, 4, 8, 9]                  2       1
  10    25    5     [3, 5, 6, 7]                  3       1
  10    25    5     [3, 5, 6, 8]                  2       1
  10    25    5     [3, 5, 6, 9]                  3       1
  10    25    5     [3, 5, 7, 8]                  2       1
  10    25    5     [3, 5, 7, 9]                  2       1
  10    25    5     [3, 5, 8, 9]                  3       1
  10    25    5     [3, 6, 7, 8]                  3       1
  10    25    5     [3, 6, 7, 9]                  2       1
  10    25    5     [3, 6, 8, 9]                  2       1
  10    25    5     [3, 7, 8, 9]                  3       1
  10    25    5     [4, 5, 6, 7]                  2       1
  10    25    5     [4, 5, 6, 8]                  3       1
  10    25    5     [4, 5, 6, 9]                  2       1
  10    25    5     [4, 5, 7, 8]                  3       1
  10    25    5     [4, 5, 7, 9]                  3       1
  10    25    5     [4, 5, 8, 9]                  2       1
  10    25    5     [4, 6, 7, 8]                  2       1
  10    25    5     [4, 6, 7, 9]                  3       1
  10    25    5     [4, 6, 8, 9]                  3       1
  10    25    5     [4, 7, 8, 9]                  2       1
  10    30    6     [1, 2, 3, 5, 6]               2       1
  10    30    6     [1, 2, 3, 5, 7]               2       1
  10    30    6     [1, 2, 3, 5, 8]               2       1
  10    30    6     [1, 2, 3, 5, 9]               2       1
  10    30    6     [1, 2, 3, 6, 7]               2       1
  10    30    6     [1, 2, 3, 6, 8]               2       1
  10    30    6     [1, 2, 3, 6, 9]               2       1
  10    30    6     [1, 2, 3, 7, 8]               2       1
  10    30    6     [1, 2, 3, 7, 9]               2       1
  10    30    6     [1, 2, 3, 8, 9]               2       1
  10    30    6     [1, 2, 4, 5, 6]               2       1
  10    30    6     [1, 2, 4, 5, 7]               2       1
  10    30    6     [1, 2, 4, 5, 8]               2       1
  10    30    6     [1, 2, 4, 5, 9]               2       1
  10    30    6     [1, 2, 4, 6, 7]               2       1
  10    30    6     [1, 2, 4, 6, 8]               2       1
  10    30    6     [1, 2, 4, 6, 9]               2       1
  10    30    6     [1, 2, 4, 7, 8]               2       1
  10    30    6     [1, 2, 4, 7, 9]               2       1
  10    30    6     [1, 2, 4, 8, 9]               2       1
  10    35    7     [1, 2, 5, 6, 7]               2       1
  10    35    7     [1, 2, 5, 6, 8]               2       1
  10    35    7     [1, 2, 5, 6, 9]               2       1
  10    35    7     [1, 2, 5, 7, 8]               2       1
  10    35    7     [1, 2, 5, 7, 9]               2       1
  10    35    7     [1, 2, 5, 8, 9]               2       1
  10    35    7     [1, 2, 6, 7, 8]               2       1
  10    35    7     [1, 2, 6, 7, 9]               2       1
  10    35    7     [1, 2, 6, 8, 9]               2       1
  10    35    7     [1, 2, 7, 8, 9]               2       1
  10    30    6     [1, 3, 4, 5, 6]               2       1
  10    30    6     [1, 3, 4, 5, 7]               2       1
  10    30    6     [1, 3, 4, 5, 8]               2       1
  10    30    6     [1, 3, 4, 5, 9]               2       1
  10    30    6     [1, 3, 4, 6, 7]               2       1
  10    30    6     [1, 3, 4, 6, 8]               2       1
  10    30    6     [1, 3, 4, 6, 9]               2       1
  10    30    6     [1, 3, 4, 7, 8]               2       1
  10    30    6     [1, 3, 4, 7, 9]               2       1
  10    30    6     [1, 3, 4, 8, 9]               2       1
  10    35    7     [1, 3, 5, 6, 7]               2       1
  10    35    7     [1, 3, 5, 6, 8]               2       1
  10    35    7     [1, 3, 5, 6, 9]               2       1
  10    35    7     [1, 3, 5, 7, 8]               2       1
  10    35    7     [1, 3, 5, 7, 9]               2       1
  10    35    7     [1, 3, 5, 8, 9]               2       1
  10    35    7     [1, 3, 6, 7, 8]               2       1
  10    35    7     [1, 3, 6, 7, 9]               2       1
  10    35    7     [1, 3, 6, 8, 9]               2       1
  10    35    7     [1, 3, 7, 8, 9]               2       1
  10    25    5     [1, 4, 5, 6, 7]               2       1
  10    25    5     [1, 4, 5, 6, 8]               3       1
  10    25    5     [1, 4, 5, 6, 9]               2       1
  10    25    5     [1, 4, 5, 7, 8]               3       1
  10    25    5     [1, 4, 5, 7, 9]               3       1
  10    25    5     [1, 4, 5, 8, 9]               2       1
  10    25    5     [1, 4, 6, 7, 8]               2       1
  10    25    5     [1, 4, 6, 7, 9]               3       1
  10    25    5     [1, 4, 6, 8, 9]               3       1
  10    25    5     [1, 4, 7, 8, 9]               2       1
  10    30    6     [1, 5, 6, 7, 8]               2       1
  10    30    6     [1, 5, 6, 7, 9]               2       1
  10    30    6     [1, 5, 6, 8, 9]               2       1
  10    30    6     [1, 5, 7, 8, 9]               2       1
  10    30    6     [1, 6, 7, 8, 9]               2       1
  10    30    6     [2, 3, 4, 5, 6]               2       1
  10    30    6     [2, 3, 4, 5, 7]               2       1
  10    30    6     [2, 3, 4, 5, 8]               2       1
  10    30    6     [2, 3, 4, 5, 9]               2       1
  10    30    6     [2, 3, 4, 6, 7]               2       1
  10    30    6     [2, 3, 4, 6, 8]               2       1
  10    30    6     [2, 3, 4, 6, 9]               2       1
  10    30    6     [2, 3, 4, 7, 8]               2       1
  10    30    6     [2, 3, 4, 7, 9]               2       1
  10    30    6     [2, 3, 4, 8, 9]               2       1
  10    25    5     [2, 3, 5, 6, 7]               3       1
  10    25    5     [2, 3, 5, 6, 8]               2       1
  10    25    5     [2, 3, 5, 6, 9]               3       1
  10    25    5     [2, 3, 5, 7, 8]               2       1
  10    25    5     [2, 3, 5, 7, 9]               2       1
  10    25    5     [2, 3, 5, 8, 9]               3       1
  10    25    5     [2, 3, 6, 7, 8]               3       1
  10    25    5     [2, 3, 6, 7, 9]               2       1
  10    25    5     [2, 3, 6, 8, 9]               2       1
  10    25    5     [2, 3, 7, 8, 9]               3       1
  10    35    7     [2, 4, 5, 6, 7]               2       1
  10    35    7     [2, 4, 5, 6, 8]               2       1
  10    35    7     [2, 4, 5, 6, 9]               2       1
  10    35    7     [2, 4, 5, 7, 8]               2       1
  10    35    7     [2, 4, 5, 7, 9]               2       1
  10    35    7     [2, 4, 5, 8, 9]               2       1
  10    35    7     [2, 4, 6, 7, 8]               2       1
  10    35    7     [2, 4, 6, 7, 9]               2       1
  10    35    7     [2, 4, 6, 8, 9]               2       1
  10    35    7     [2, 4, 7, 8, 9]               2       1
  10    30    6     [2, 5, 6, 7, 8]               2       1
  10    30    6     [2, 5, 6, 7, 9]               2       1
  10    30    6     [2, 5, 6, 8, 9]               2       1
  10    30    6     [2, 5, 7, 8, 9]               2       1
  10    30    6     [2, 6, 7, 8, 9]               2       1
  10    35    7     [3, 4, 5, 6, 7]               2       1
  10    35    7     [3, 4, 5, 6, 8]               2       1
  10    35    7     [3, 4, 5, 6, 9]               2       1
  10    35    7     [3, 4, 5, 7, 8]               2       1
  10    35    7     [3, 4, 5, 7, 9]               2       1
  10    35    7     [3, 4, 5, 8, 9]               2       1
  10    35    7     [3, 4, 6, 7, 8]               2       1
  10    35    7     [3, 4, 6, 7, 9]               2       1
  10    35    7     [3, 4, 6, 8, 9]               2       1
  10    35    7     [3, 4, 7, 8, 9]               2       1
  10    30    6     [3, 5, 6, 7, 8]               2       1
  10    30    6     [3, 5, 6, 7, 9]               2       1
  10    30    6     [3, 5, 6, 8, 9]               2       1
  10    30    6     [3, 5, 7, 8, 9]               2       1
  10    30    6     [3, 6, 7, 8, 9]               2       1
  10    30    6     [4, 5, 6, 7, 8]               2       1
  10    30    6     [4, 5, 6, 7, 9]               2       1
  10    30    6     [4, 5, 6, 8, 9]               2       1
  10    30    6     [4, 5, 7, 8, 9]               2       1
  10    30    6     [4, 6, 7, 8, 9]               2       1
  10    30    6     [1, 2, 3, 4, 5, 6]            2       1
  10    30    6     [1, 2, 3, 4, 5, 7]            2       1
  10    30    6     [1, 2, 3, 4, 5, 8]            2       1
  10    30    6     [1, 2, 3, 4, 5, 9]            2       1
  10    30    6     [1, 2, 3, 4, 6, 7]            2       1
  10    30    6     [1, 2, 3, 4, 6, 8]            2       1
  10    30    6     [1, 2, 3, 4, 6, 9]            2       1
  10    30    6     [1, 2, 3, 4, 7, 8]            2       1
  10    30    6     [1, 2, 3, 4, 7, 9]            2       1
  10    30    6     [1, 2, 3, 4, 8, 9]            2       1
  10    35    7     [1, 2, 3, 5, 6, 7]            2       1
  10    35    7     [1, 2, 3, 5, 6, 8]            2       1
  10    35    7     [1, 2, 3, 5, 6, 9]            2       1
  10    35    7     [1, 2, 3, 5, 7, 8]            2       1
  10    35    7     [1, 2, 3, 5, 7, 9]            2       1
  10    35    7     [1, 2, 3, 5, 8, 9]            2       1
  10    35    7     [1, 2, 3, 6, 7, 8]            2       1
  10    35    7     [1, 2, 3, 6, 7, 9]            2       1
  10    35    7     [1, 2, 3, 6, 8, 9]            2       1
  10    35    7     [1, 2, 3, 7, 8, 9]            2       1
  10    35    7     [1, 2, 4, 5, 6, 7]            2       1
  10    35    7     [1, 2, 4, 5, 6, 8]            2       1
  10    35    7     [1, 2, 4, 5, 6, 9]            2       1
  10    35    7     [1, 2, 4, 5, 7, 8]            2       1
  10    35    7     [1, 2, 4, 5, 7, 9]            2       1
  10    35    7     [1, 2, 4, 5, 8, 9]            2       1
  10    35    7     [1, 2, 4, 6, 7, 8]            2       1
  10    35    7     [1, 2, 4, 6, 7, 9]            2       1
  10    35    7     [1, 2, 4, 6, 8, 9]            2       1
  10    35    7     [1, 2, 4, 7, 8, 9]            2       1
  10    40    8     [1, 2, 5, 6, 7, 8]            2       2
  10    40    8     [1, 2, 5, 6, 7, 9]            2       2
  10    40    8     [1, 2, 5, 6, 8, 9]            2       2
  10    40    8     [1, 2, 5, 7, 8, 9]            2       2
  10    40    8     [1, 2, 6, 7, 8, 9]            2       2
  10    35    7     [1, 3, 4, 5, 6, 7]            2       1
  10    35    7     [1, 3, 4, 5, 6, 8]            2       1
  10    35    7     [1, 3, 4, 5, 6, 9]            2       1
  10    35    7     [1, 3, 4, 5, 7, 8]            2       1
  10    35    7     [1, 3, 4, 5, 7, 9]            2       1
  10    35    7     [1, 3, 4, 5, 8, 9]            2       1
  10    35    7     [1, 3, 4, 6, 7, 8]            2       1
  10    35    7     [1, 3, 4, 6, 7, 9]            2       1
  10    35    7     [1, 3, 4, 6, 8, 9]            2       1
  10    35    7     [1, 3, 4, 7, 8, 9]            2       1
  10    40    8     [1, 3, 5, 6, 7, 8]            2       2
  10    40    8     [1, 3, 5, 6, 7, 9]            2       2
  10    40    8     [1, 3, 5, 6, 8, 9]            2       2
  10    40    8     [1, 3, 5, 7, 8, 9]            2       2
  10    40    8     [1, 3, 6, 7, 8, 9]            2       2
  10    30    6     [1, 4, 5, 6, 7, 8]            2       1
  10    30    6     [1, 4, 5, 6, 7, 9]            2       1
  10    30    6     [1, 4, 5, 6, 8, 9]            2       1
  10    30    6     [1, 4, 5, 7, 8, 9]            2       1
  10    30    6     [1, 4, 6, 7, 8, 9]            2       1
  10    35    7     [1, 5, 6, 7, 8, 9]            2       1
  10    35    7     [2, 3, 4, 5, 6, 7]            2       1
  10    35    7     [2, 3, 4, 5, 6, 8]            2       1
  10    35    7     [2, 3, 4, 5, 6, 9]            2       1
  10    35    7     [2, 3, 4, 5, 7, 8]            2       1
  10    35    7     [2, 3, 4, 5, 7, 9]            2       1
  10    35    7     [2, 3, 4, 5, 8, 9]            2       1
  10    35    7     [2, 3, 4, 6, 7, 8]            2       1
  10    35    7     [2, 3, 4, 6, 7, 9]            2       1
  10    35    7     [2, 3, 4, 6, 8, 9]            2       1
  10    35    7     [2, 3, 4, 7, 8, 9]            2       1
  10    30    6     [2, 3, 5, 6, 7, 8]            2       1
  10    30    6     [2, 3, 5, 6, 7, 9]            2       1
  10    30    6     [2, 3, 5, 6, 8, 9]            2       1
  10    30    6     [2, 3, 5, 7, 8, 9]            2       1
  10    30    6     [2, 3, 6, 7, 8, 9]            2       1
  10    40    8     [2, 4, 5, 6, 7, 8]            2       2
  10    40    8     [2, 4, 5, 6, 7, 9]            2       2
  10    40    8     [2, 4, 5, 6, 8, 9]            2       2
  10    40    8     [2, 4, 5, 7, 8, 9]            2       2
  10    40    8     [2, 4, 6, 7, 8, 9]            2       2
  10    35    7     [2, 5, 6, 7, 8, 9]            2       1
  10    40    8     [3, 4, 5, 6, 7, 8]            2       2
  10    40    8     [3, 4, 5, 6, 7, 9]            2       2
  10    40    8     [3, 4, 5, 6, 8, 9]            2       2
  10    40    8     [3, 4, 5, 7, 8, 9]            2       2
  10    40    8     [3, 4, 6, 7, 8, 9]            2       2
  10    35    7     [3, 5, 6, 7, 8, 9]            2       1
  10    35    7     [4, 5, 6, 7, 8, 9]            2       1
  10    35    7     [1, 2, 3, 4, 5, 6, 7]         2       1
  10    35    7     [1, 2, 3, 4, 5, 6, 8]         2       1
  10    35    7     [1, 2, 3, 4, 5, 6, 9]         2       1
  10    35    7     [1, 2, 3, 4, 5, 7, 8]         2       1
  10    35    7     [1, 2, 3, 4, 5, 7, 9]         2       1
  10    35    7     [1, 2, 3, 4, 5, 8, 9]         2       1
  10    35    7     [1, 2, 3, 4, 6, 7, 8]         2       1
  10    35    7     [1, 2, 3, 4, 6, 7, 9]         2       1
  10    35    7     [1, 2, 3, 4, 6, 8, 9]         2       1
  10    35    7     [1, 2, 3, 4, 7, 8, 9]         2       1
  10    40    8     [1, 2, 3, 5, 6, 7, 8]         2       2
  10    40    8     [1, 2, 3, 5, 6, 7, 9]         2       2
  10    40    8     [1, 2, 3, 5, 6, 8, 9]         2       2
  10    40    8     [1, 2, 3, 5, 7, 8, 9]         2       2
  10    40    8     [1, 2, 3, 6, 7, 8, 9]         2       2
  10    40    8     [1, 2, 4, 5, 6, 7, 8]         2       2
  10    40    8     [1, 2, 4, 5, 6, 7, 9]         2       2
  10    40    8     [1, 2, 4, 5, 6, 8, 9]         2       2
  10    40    8     [1, 2, 4, 5, 7, 8, 9]         2       2
  10    40    8     [1, 2, 4, 6, 7, 8, 9]         2       2
  10    45    9     [1, 2, 5, 6, 7, 8, 9]         1       1
  10    40    8     [1, 3, 4, 5, 6, 7, 8]         2       2
  10    40    8     [1, 3, 4, 5, 6, 7, 9]         2       2
  10    40    8     [1, 3, 4, 5, 6, 8, 9]         2       2
  10    40    8     [1, 3, 4, 5, 7, 8, 9]         2       2
  10    40    8     [1, 3, 4, 6, 7, 8, 9]         2       2
  10    45    9     [1, 3, 5, 6, 7, 8, 9]         1       1
  10    35    7     [1, 4, 5, 6, 7, 8, 9]         2       1
  10    40    8     [2, 3, 4, 5, 6, 7, 8]         2       2
  10    40    8     [2, 3, 4, 5, 6, 7, 9]         2       2
  10    40    8     [2, 3, 4, 5, 6, 8, 9]         2       2
  10    40    8     [2, 3, 4, 5, 7, 8, 9]         2       2
  10    40    8     [2, 3, 4, 6, 7, 8, 9]         2       2
  10    35    7     [2, 3, 5, 6, 7, 8, 9]         2       1
  10    45    9     [2, 4, 5, 6, 7, 8, 9]         1       1
  10    45    9     [3, 4, 5, 6, 7, 8, 9]         1       1
  10    40    8     [1, 2, 3, 4, 5, 6, 7, 8]      2       2
  10    40    8     [1, 2, 3, 4, 5, 6, 7, 9]      2       2
  10    40    8     [1, 2, 3, 4, 5, 6, 8, 9]      2       2
  10    40    8     [1, 2, 3, 4, 5, 7, 8, 9]      2       2
  10    40    8     [1, 2, 3, 4, 6, 7, 8, 9]      2       2
  10    45    9     [1, 2, 3, 5, 6, 7, 8, 9]      1       1
  10    45    9     [1, 2, 4, 5, 6, 7, 8, 9]      1       1
  10    45    9     [1, 3, 4, 5, 6, 7, 8, 9]      1       1
  10    45    9     [2, 3, 4, 5, 6, 7, 8, 9]      1       1
  10    45    9     [1, 2, 3, 4, 5, 6, 7, 8, 9]   1       1

