n = 4
  |V|   |E|   deg   Gen Set     alpha   sigma
  8     12    3     [4, 5, 7]   4       2

n = 5
  |V|   |E|   deg   Gen Set     alpha   sigma
  10    15    3     [5, 6, 8]   5       2
  10    15    3     [5, 6, 9]   5       2

n = 6
  |V|   |E|   deg   Gen Set      alpha   sigma
  12    18    3     [6, 7, 9]    6       2
  12    18    3     [6, 7, 10]   6       2
  12    18    3     [6, 7, 11]   6       2
  12    18    3     [6, 8, 11]   6       2

n = 7
  |V|   |E|   deg   Gen Set          alpha   sigma
  14    21    3     [7, 8, 10]       7       2
  14    21    3     [7, 8, 11]       7       2
  14    21    3     [7, 8, 12]       7       2
  14    21    3     [7, 8, 13]       7       2
  14    21    3     [7, 9, 12]       7       2
  14    21    3     [7, 9, 13]       7       2
  14    28    4     [7, 8, 10, 13]   7       2

n = 8
  |V|   |E|   deg   Gen Set          alpha   sigma
  16    24    3     [8, 9, 11]       8       2
  16    24    3     [8, 9, 12]       8       2
  16    24    3     [8, 9, 13]       8       2
  16    24    3     [8, 9, 14]       8       2
  16    24    3     [8, 9, 15]       8       2
  16    24    3     [8, 10, 13]      8       2
  16    24    3     [8, 10, 15]      8       2
  16    24    3     [8, 11, 15]      8       2
  16    32    4     [8, 9, 11, 14]   8       2
  16    32    4     [8, 9, 11, 15]   8       2

n = 9
  |V|   |E|   deg   Gen Set           alpha   sigma
  18    27    3     [9, 10, 12]       9       1
  18    27    3     [9, 10, 13]       9       1
  18    27    3     [9, 10, 14]       9       2
  18    27    3     [9, 10, 15]       9       1
  18    27    3     [9, 10, 16]       9       1
  18    27    3     [9, 10, 17]       9       2
  18    27    3     [9, 11, 14]       9       1
  18    27    3     [9, 11, 15]       9       1
  18    27    3     [9, 11, 16]       9       2
  18    27    3     [9, 11, 17]       9       1
  18    27    3     [9, 12, 16]       9       1
  18    27    3     [9, 12, 17]       9       1
  18    36    4     [9, 10, 12, 15]   9       2
  18    36    4     [9, 10, 12, 16]   9       2
  18    36    4     [9, 10, 12, 17]   9       2
  18    36    4     [9, 10, 13, 17]   9       2

n = 10
  |V|   |E|   deg   Gen Set            alpha   sigma
  20    30    3     [10, 11, 13]       10      2
  20    30    3     [10, 11, 14]       10      2
  20    30    3     [10, 11, 15]       10      2
  20    30    3     [10, 11, 16]       10      2
  20    30    3     [10, 11, 17]       10      2
  20    30    3     [10, 11, 18]       10      2
  20    30    3     [10, 11, 19]       10      2
  20    30    3     [10, 12, 15]       10      2
  20    30    3     [10, 12, 17]       10      2
  20    30    3     [10, 12, 19]       10      2
  20    30    3     [10, 13, 17]       10      2
  20    30    3     [10, 13, 18]       10      2
  20    30    3     [10, 13, 19]       10      2
  20    30    3     [10, 14, 19]       10      2
  20    40    4     [10, 11, 13, 16]   10      2
  20    40    4     [10, 11, 13, 17]   10      2
  20    40    4     [10, 11, 13, 18]   10      2
  20    40    4     [10, 11, 13, 19]   10      2
  20    40    4     [10, 11, 14, 18]   10      2
  20    40    4     [10, 11, 14, 19]   10      2
  20    40    4     [10, 12, 15, 19]   10      2

n = 11
  |V|   |E|   deg   Gen Set                alpha   sigma
  22    33    3     [11, 12, 14]           11      1
  22    33    3     [11, 12, 15]           11      1
  22    33    3     [11, 12, 16]           11      1
  22    33    3     [11, 12, 17]           11      2
  22    33    3     [11, 12, 18]           11      1
  22    33    3     [11, 12, 19]           11      1
  22    33    3     [11, 12, 20]           11      1
  22    33    3     [11, 12, 21]           11      2
  22    33    3     [11, 13, 16]           11      1
  22    33    3     [11, 13, 17]           11      1
  22    33    3     [11, 13, 18]           11      1
  22    33    3     [11, 13, 19]           11      1
  22    33    3     [11, 13, 20]           11      2
  22    33    3     [11, 13, 21]           11      1
  22    33    3     [11, 14, 18]           11      2
  22    33    3     [11, 14, 19]           11      2
  22    33    3     [11, 14, 20]           11      1
  22    33    3     [11, 14, 21]           11      1
  22    33    3     [11, 15, 20]           11      1
  22    33    3     [11, 15, 21]           11      1
  22    44    4     [11, 12, 14, 17]       11      2
  22    44    4     [11, 12, 14, 18]       11      2
  22    44    4     [11, 12, 14, 19]       11      2
  22    44    4     [11, 12, 14, 20]       11      2
  22    44    4     [11, 12, 14, 21]       11      2
  22    44    4     [11, 12, 15, 19]       11      2
  22    44    4     [11, 12, 15, 20]       11      2
  22    44    4     [11, 12, 15, 21]       11      2
  22    44    4     [11, 12, 16, 21]       11      2
  22    44    4     [11, 13, 16, 20]       11      2
  22    44    4     [11, 13, 16, 21]       11      2
  22    55    5     [11, 12, 14, 17, 21]   11      2

n = 12
  |V|   |E|   deg   Gen Set                alpha   sigma
  24    36    3     [12, 13, 15]           12      1
  24    36    3     [12, 13, 16]           12      1
  24    36    3     [12, 13, 17]           12      1
  24    36    3     [12, 13, 18]           12      2
  24    36    3     [12, 13, 19]           12      2
  24    36    3     [12, 13, 20]           12      1
  24    36    3     [12, 13, 21]           12      1
  24    36    3     [12, 13, 22]           12      1
  24    36    3     [12, 13, 23]           12      2
  24    36    3     [12, 14, 17]           12      1
  24    36    3     [12, 14, 19]           12      2
  24    36    3     [12, 14, 21]           12      1
  24    36    3     [12, 14, 23]           12      1
  24    36    3     [12, 15, 19]           12      1
  24    36    3     [12, 15, 20]           12      1
  24    36    3     [12, 15, 22]           12      1
  24    36    3     [12, 15, 23]           12      1
  24    36    3     [12, 16, 21]           12      1
  24    36    3     [12, 16, 23]           12      1
  24    36    3     [12, 17, 23]           12      2
  24    48    4     [12, 13, 15, 18]       12      2
  24    48    4     [12, 13, 15, 19]       12      2
  24    48    4     [12, 13, 15, 20]       12      2
  24    48    4     [12, 13, 15, 21]       12      2
  24    48    4     [12, 13, 15, 22]       12      2
  24    48    4     [12, 13, 15, 23]       12      2
  24    48    4     [12, 13, 16, 20]       12      2
  24    48    4     [12, 13, 16, 21]       12      2
  24    48    4     [12, 13, 16, 22]       12      2
  24    48    4     [12, 13, 16, 23]       12      2
  24    48    4     [12, 13, 17, 22]       12      2
  24    48    4     [12, 13, 17, 23]       12      2
  24    48    4     [12, 14, 17, 21]       12      2
  24    48    4     [12, 14, 17, 22]       12      2
  24    48    4     [12, 14, 17, 23]       12      2
  24    48    4     [12, 14, 18, 23]       12      2
  24    60    5     [12, 13, 15, 18, 22]   12      2
  24    60    5     [12, 13, 15, 18, 23]   12      3

